# SNAP pin export table
#
# Product:	indices_20160510_SH_L8_sand_megarippel_tao
# Created on:	Thu Aug 24 17:08:00 CEST 2017

# Wavelength:								0.0	0.0	0.0	482.6	561.3	654.60004	864.6	1609.0	0.0	0.0	0.0	0.0	0.0	0.0	0.0
Name	X	Y	Lon	Lat	Color	Label	Desc	flh	muschelindex	ndvi	reflec_483	reflec_561	reflec_655	reflec_865	reflec_1609	reflec_sum	sand-tr_abundance	sand-wc_abundance	schatten_abundance	steigung_nIR_SWIR1	steigung_red_nIR	summary_error
pin_1	1483.4983658227682	1062.4973500302062	8.473702999999992	54.94771599999999	java.awt.Color[r=0,g=0,b=255]	Pin 1		0.0055861883	0.13533255	0.20833927	0.034195855	0.059994273	0.07837	0.11961885	0.031178463	0.25798312	0.057551146	1.2722377	-0.32978877	-0.11880762	0.19642311	0.0016745259
pin_2	1443.5002587887789	1104.5010031983877	8.455122999999995	54.93630999999999	java.awt.Color[r=0,g=0,b=255]	Pin 2		0.0032381862	0.0889376	0.21708798	0.025062514	0.045477882	0.06260351	0.09732126	-9.939016E-5	0.20540264	-0.1725972	1.2924027	-0.11980558	-0.13087137	0.16532262	0.002807453
pin_5	1432.5003951323451	1537.4980390841451	8.45155999999999	54.81955700000001	java.awt.Color[r=0,g=0,b=255]	Pin 5		0.0058655553	0.20016725	0.21106511	0.04412006	0.073209554	0.09487634	0.14564121	0.035209376	0.3137271	0.041176327	1.5909775	-0.63215387	-0.14835013	0.24173748	0.0029429325
pin_9	1866.500762605116	1839.5011687269123	8.654878999999994	54.73888399999999	java.awt.Color[r=0,g=0,b=255]	Pin 9		0.0064129215	0.24084419	0.22182658	0.046058983	0.0781589	0.10219831	0.16046374	0.05949691	0.34082094	0.23886444	1.4824635	-0.72132784	-0.13563518	0.27745444	0.0026518167
pin_12	1715.5002340151514	2179.4997004335746	8.585455999999999	54.647000000000006	java.awt.Color[r=0,g=0,b=255]	Pin 12		0.0052326135	0.12281242	0.19546828	0.030215962	0.056524627	0.076278	0.11334287	0.002451822	0.24614549	-0.18965626	1.5164946	-0.32683837	-0.14896701	0.17649938	0.0019701547
pin_13	1502.5014487332276	2217.503191309422	8.486563999999998	54.636374999999965	java.awt.Color[r=0,g=0,b=255]	Pin 13		0.007982435	0.14202373	0.27695236	0.029603666	0.0566777	0.071328655	0.12597136	0.01038609	0.25397772	-0.1296188	1.4965231	-0.36690438	-0.15527308	0.2602034	0.004568263
pin_14	2200.501655438546	2269.4889320594257	8.811048	54.623300000000015	java.awt.Color[r=0,g=0,b=255]	Pin 14		0.0038313046	0.109314434	0.23877683	0.025292119	0.048156656	0.06688955	0.10885273	0.073656134	0.22389893	0.46042815	0.58438724	-0.044815417	-0.04728183	0.1998247	0.0038879754
pin_16	1534.4992299059018	1752.5002102492997	8.499895999999996	54.7618	java.awt.Color[r=0,g=0,b=255]	Pin 16		0.0041815434	0.12580521	0.20089503	0.028761772	0.054789804	0.07650761	0.114975646	0.004824448	0.24627307	-0.16925514	1.4930913	-0.3238362	-0.14797314	0.18318112	0.0024239612
pin_17	1725.4991661110641	1741.5001323070999	8.588911999999999	54.7651	java.awt.Color[r=0,g=0,b=255]	Pin 17		0.0071788747	0.15327983	0.22865696	0.034655064	0.06285163	0.080589555	0.1283695	0.03128051	0.27181068	0.038838387	1.3695683	-0.4084067	-0.13042583	0.22752355	0.0019618766
pin_18	1781.4991302933486	1558.5065243578827	8.614553	54.81452000000001	java.awt.Color[r=0,g=0,b=255]	Pin 18		0.0036096126	0.111125715	0.21516098	0.026618754	0.050172113	0.07020612	0.108699664	0.012197451	0.2290779	-0.091011755	1.3084413	-0.21742949	-0.12963758	0.18330261	0.0023984024
pin_19	1924.4998407125668	1788.4918501551263	8.681795999999999	54.752709999999965	java.awt.Color[r=0,g=0,b=255]	Pin 19		0.0048652496	0.10444637	0.1981768	0.027511677	0.051830396	0.07002754	0.10464323	0.01750397	0.22650117	-0.039784748	1.2246822	-0.18489741	-0.11705974	0.16483666	0.0013352783
pin_20	1924.5004780469192	2031.4991104800874	8.682309	54.687194999999996	java.awt.Color[r=0,g=0,b=255]	Pin 20		0.003053043	0.11063795	0.21536714	0.027231043	0.04986596	0.07002754	0.10847005	0.02594848	0.22836354	0.02807945	1.1555675	-0.18364699	-0.110856496	0.18305962	0.0021603447
pin_21	1367.499972825707	2082.4958339989184	8.423304999999985	54.672489999999975	java.awt.Color[r=0,g=0,b=255]	Pin 21		0.00890561	0.15777759	0.17802617	0.041135147	0.07193394	0.08898304	0.1275276	0.007299124	0.28844458	-0.18291186	1.7260537	-0.5431419	-0.16151057	0.18354553	0.0038916422
pin_22	1257.5012257742774	2084.4976346567896	8.37214499999998	54.67169599999994	java.awt.Color[r=0,g=0,b=255]	Pin 22		0.005575571	0.13438515	0.20546554	0.031542584	0.058591105	0.07847205	0.11905758	0.015896706	0.25612074	-0.08043412	1.4320042	-0.35157004	-0.13858259	0.19326445	0.001525322
pin_23	2013.5017721736533	1982.4881574289252	8.723637	54.70051000000001	java.awt.Color[r=0,g=0,b=255]	Pin 23		0.004460981	0.10791395	0.20708403	0.03353253	0.054738782	0.07012958	0.10676074	0.09699972	0.2316291	0.74759024	0.25956613	-0.0071563604	-0.013112602	0.17443411	0.002828259
pin_24	2029.500530016333	2054.507815761833	8.731213	54.68111	java.awt.Color[r=0,g=0,b=255]	Pin 24		0.0021872781	0.07908009	0.23516229	0.021924524	0.040273406	0.057245962	0.09244844	0.03329597	0.18996781	0.1454568	0.8086863	0.045856863	-0.079463296	0.16763088	0.0025623993
pin_25	1968.4999303131112	2334.501634938394	8.70338	54.605556	java.awt.Color[r=0,g=0,b=255]	Pin 25		0.0054486543	0.13286993	0.1906433	0.036338866	0.061754614	0.07997726	0.11765441	0.031841777	0.2593863	0.061631985	1.2718279	-0.33345997	-0.115277596	0.17941503	0.0021082046
pin_26	2080.4996977633605	2743.496628477176	8.756055	54.495403000000024	java.awt.Color[r=0,g=0,b=255]	Pin 26		0.006501306	0.10215829	0.2423963	0.024373686	0.04912611	0.064261794	0.10538308	0.023116635	0.21877098	0.009429197	1.1254672	-0.13489643	-0.11051378	0.19581568	0.0027199285
pin_27	2173.5014317408745	2663.5013816974124	8.799026000000001	54.51705000000001	java.awt.Color[r=0,g=0,b=255]	Pin 27		0.0064333715	0.14285582	0.19505054	0.0368236	0.064076215	0.08232438	0.12222108	0.03788815	0.26862168	0.10825046	1.2590519	-0.36730233	-0.1132898	0.18998432	0.0017883024
pin_28	1849.4998521477255	2792.4924811317896	8.649173999999999	54.48192999999999	java.awt.Color[r=0,g=0,b=255]	Pin 28		0.004761515	0.14603367	0.2044482	0.038864568	0.063336365	0.081941694	0.12405795	0.06102764	0.26933601	0.31171936	1.0148604	-0.32657972	-0.08467264	0.20055361	0.002901899
pin_34	2056.4996164803374	3539.4915323362375	8.746266	54.28076600000001	java.awt.Color[r=0,g=0,b=255]	Pin 34		0.0055362396	0.09775865	0.26024812	0.026363632	0.04772295	0.06094522	0.10382684	0.0803148	0.21249501	0.5869808	0.3670822	0.045937013	-0.031585228	0.20419823	0.0020675133
pin_35	2070.499925542745	3557.49596562637	8.752746	54.27592499999995	java.awt.Color[r=0,g=0,b=255]	Pin 35		0.0042060595	0.09857703	0.23875476	0.02391447	0.046243243	0.063521944	0.10336763	0.05332298	0.21313281	0.2943254	0.7372607	-0.03158611	-0.06722817	0.18974136	0.0029984214
pin_36	2099.500035281749	3747.492611360581	8.7663965	54.224723999999995	java.awt.Color[r=0,g=0,b=255]	Pin 36		0.003955541	0.087046996	0.17727688	0.028863816	0.04989148	0.06617521	0.09469351	0.029009935	0.2107602	0.08183231	0.9881678	-0.07000016	-0.088236935	0.13580146	0.0014432702
pin_37	1971.4993410850661	3689.5060021627073	8.707387	54.24023	java.awt.Color[r=0,g=0,b=255]	Pin 37		0.0030730646	0.10202031	0.17342883	0.033634588	0.05430507	0.072094016	0.10234714	0.046613295	0.22874624	0.23368573	0.8932008	-0.12688653	-0.07487084	0.14406252	0.0024691238
pin_41	2032.5003833972091	3989.495620076886	8.735983	54.159409999999966	java.awt.Color[r=0,g=0,b=255]	Pin 41		0.0045121033	0.086435996	0.18815547	0.026669776	0.048615873	0.06477204	0.094795555	0.04885836	0.20818347	0.26826057	0.7362804	-0.0045409612	-0.06171037	0.14296913	0.0012000629
pin_42	1859.5015169869991	4036.492357800839	8.656608999999996	54.146538	java.awt.Color[r=0,g=0,b=255]	Pin 42		0.004867628	0.13777843	0.15171392	0.04121168	0.06693357	0.086789	0.117833	0.054598585	0.27155557	0.2776239	1.0547938	-0.3324177	-0.08494683	0.14782862	0.004707747
pin_49	2054.5014399606775	4595.503495153505	8.747086	53.996033	java.awt.Color[r=0,g=0,b=255]	Pin 49		0.005544571	0.101352185	0.21317667	0.02467983	0.04971289	0.06727222	0.1037248	0.04694495	0.22070992	0.23584823	0.8417629	-0.07761112	-0.076276	0.17358372	0.0021771796
pin_50	1969.5003722719732	4487.500840612408	8.707984	54.02506600000001	java.awt.Color[r=0,g=0,b=255]	Pin 50		0.0047673266	0.092970654	0.18636964	0.0277668	0.05065684	0.067374274	0.09823969	0.053986296	0.2162708	0.314837	0.71883607	-0.033673096	-0.05944841	0.14697818	0.0013487234
pin_51	2007.498514034308	4190.506579865298	8.724856	54.105185999999975	java.awt.Color[r=0,g=0,b=255]	Pin 51		0.0041550808	0.1054547	0.19019458	0.02478188	0.050223134	0.071303144	0.104796305	0.0438835	0.22632259	0.1925237	0.9209384	-0.11346208	-0.081828065	0.15949126	0.002998099
pin_54	2065.501330196473	4702.4977569494085	8.752291	53.967194	java.awt.Color[r=0,g=0,b=255]	Pin 54		0.0071260575	0.11920267	0.19480072	0.030241473	0.057953306	0.07523201	0.111633554	0.04480193	0.24481887	0.2081081	0.998369	-0.20647709	-0.08977918	0.17334072	0.0012120622
pin_66	2330.5	3599.5	8.872568127937932	54.26478578159341	java.awt.Color[r=0,g=0,b=255]	Pin 66		0.005105743	0.08935726	0.22283089	0.02478188	0.046983093	0.062144294	0.09778047	0.06454831	0.20690787	0.4474909	0.50354886	0.048960257	-0.04464288	0.16969611	0.0019287884
pin_56	1110.4999999999611	1598.5	8.301516062216969	54.80233977940295	java.awt.Color[r=0,g=0,b=255]	Pin 56		0.011930309	0.27319226	0.44253063	0.030190451	0.061142318	0.07176236	0.18569523	0.044699885	0.3185999	0.11477423	1.5745631	-0.6893373	-0.18940806	0.5425375	0.017435368
pin_57	1119.4999999999688	1653.5000000001862	8.30596999897198	54.787536868012104	java.awt.Color[r=0,g=0,b=255]	Pin 57		0.01211402	0.31474787	0.37827042	0.041084126	0.07461272	0.08788601	0.19482857	0.10319917	0.3573273	0.62326837	1.1231642	-0.74643254	-0.12309162	0.50925034	0.012730289
pin_38	2206.4999792334156	3671.4960043849114	8.815540999999998	54.24529999999999	java.awt.Color[r=0,g=0,b=255]	Pin 38		0.0041850414	0.087995745	0.20381486	0.027868843	0.048437282	0.063675016	0.09627526	0.07656452	0.20838755	0.5727431	0.35408857	0.073168345	-0.026478698	0.15523928	0.0021822064
pin_43	2409.4996338563174	4145.494636389862	8.909278	54.11760300000001	java.awt.Color[r=0,g=0,b=255]	Pin 43		0.0066355243	0.09042979	0.28127763	0.020342773	0.043513447	0.0564806	0.10068885	0.061537884	0.20068291	0.39027712	0.5496994	0.060023446	-0.052593995	0.2105155	0.004376622
pin_44	2550.5001010552264	4373.501772166509	8.974030499999998	54.056156	java.awt.Color[r=0,g=0,b=255]	Pin 44		0.0034402274	0.099898495	0.22780485	0.02615953	0.047442317	0.065154724	0.10359724	0.10100512	0.21619427	0.78947455	0.12057356	0.089951925	-0.0034821557	0.18305962	0.0025321303
pin_48	2439.500706097798	4393.496445395549	8.923171	54.05074299999998	java.awt.Color[r=0,g=0,b=255]	Pin 48		0.004924154	0.100627646	0.23154785	0.027384115	0.049508795	0.06497613	0.10413299	0.10342877	0.21861792	0.8311918	0.078809895	0.08999832	-9.460156E-4	0.18646123	0.002825414
pin_65	2324.499999999998	3596.5	8.869802004187818	54.26559170390398	java.awt.Color[r=0,g=0,b=255]	Pin 65		0.0053682122	0.0945945	0.2385604	0.025011485	0.0474168	0.062246338	0.10125012	0.085952975	0.21091326	0.6504931	0.26872212	0.0807848	-0.02054963	0.18573232	0.00224392
pin_67	2146.500000000004	3664.5	8.78790871923696	54.247140863912904	java.awt.Color[r=0,g=0,b=255]	Pin 67		0.003368182	0.081328474	0.18713543	0.027741281	0.047212705	0.062935166	0.09191269	0.07049263	0.20206055	0.4931499	0.4224848	0.0843653	-0.028774926	0.13798821	0.0015918425
pin_7	1715.5003917297058	1879.4991843116159	8.584630999999998	54.72787999999998	java.awt.Color[r=0,g=0,b=255]	Pin 7		0.0047493754	0.07671456	0.25225422	0.02457778	0.043130763	0.05474578	0.091683075	0.07340101	0.18955961	0.5219949	0.33102915	0.14697593	-0.024559462	0.1758919	0.0014130191
pin_8	1923.5005670360213	1710.5011330759153	8.681165	54.77373499999996	java.awt.Color[r=0,g=0,b=255]	Pin 8		0.003874462	0.091902204	0.25245774	0.025700314	0.04522276	0.059899226	0.1003572	0.09202486	0.20547917	0.69788414	0.1919241	0.11019175	-0.0111933565	0.19265702	0.0018858565
pin_10	2043.5005950335762	1997.4955201547903	8.737628	54.69649500000002	java.awt.Color[r=0,g=0,b=255]	Pin 10		0.0028323196	0.07328126	0.24253112	0.02072545	0.03897229	0.054414123	0.08925943	0.04898592	0.18264584	0.29870233	0.5751529	0.12614477	-0.054101977	0.16593005	0.0024808706
pin_11	1907.4984716827573	2108.493885892816	8.674563	54.666416000000005	java.awt.Color[r=0,g=0,b=255]	Pin 11		0.001951173	0.08842403	0.21199274	0.02779231	0.045835048	0.06296068	0.09683652	0.08631015	0.20563224	0.6528583	0.24708535	0.10005635	-0.01414075	0.16131356	0.0019061518
pin_15	2159.500263232808	2191.500584358722	8.79189	54.644295	java.awt.Color[r=0,g=0,b=255]	Pin 15		0.0022782935	0.076917134	0.21375865	0.026491193	0.043436915	0.058547087	0.09038196	0.07638593	0.19236596	0.56073815	0.29455483	0.14470707	-0.018801758	0.15159464	0.0013069819
pin_47	2358.5003351417254	4376.494045189116	8.886042	54.05529800000002	java.awt.Color[r=0,g=0,b=255]	Pin 47		0.0058766566	0.094776876	0.2436638	0.02547071	0.047952555	0.06176161	0.101556264	0.10166844	0.21127042	0.8104932	0.06708429	0.122422524	1.506931E-4	0.18949836	0.0024343685
pin_64	2341.5	3596.5	8.877632287789638	54.265599904483814	java.awt.Color[r=0,g=0,b=255]	Pin 64		0.004674211	0.0768142	0.23744082	0.018786533	0.040579557	0.056199968	0.09119835	0.048041973	0.18797788	0.29140136	0.6008604	0.10773821	-0.05797471	0.16665897	0.0035151935
pin_3	1770.500922485633	1171.4909929017847	8.608408999999998	54.91884	java.awt.Color[r=0,g=0,b=255]	Pin 3		0.0029219054	0.052057274	0.26102352	0.015827125	0.031828895	0.044413373	0.07578903	-4.8207154E-4	0.1520313	-0.13555908	0.9678635	0.16769557	-0.10245984	0.1494079	0.003286231
pin_6	1248.4990884747976	2157.501571272034	8.368262999999985	54.65199299999999	java.awt.Color[r=0,g=0,b=255]	Pin 6		0.0033094008	0.06197282	0.2714741	0.018276287	0.034992404	0.047576874	0.08303447	0.03702074	0.16560376	0.19538973	0.6204126	0.1841977	-0.061813183	0.16884571	0.0031019612
pin_29	1923.4997924555094	1713.5018870864374	8.681171	54.77292600000001	java.awt.Color[r=0,g=0,b=255]	Pin 29		0.0029049003	0.0783557	0.26314816	0.021592861	0.039457023	0.054286562	0.09306073	0.08182001	0.18680432	0.60773206	0.21013671	0.1821312	-0.015100378	0.18463892	0.0027833423
pin_33	2219.500049600393	3550.509220998082	8.821385	54.27793000000006	java.awt.Color[r=0,g=0,b=255]	Pin 33		0.004110303	0.07918971	0.2739447	0.016796587	0.0377222	0.05354671	0.093953654	0.07309487	0.18522257	0.52541	0.29619786	0.17839213	-0.02802094	0.19241403	0.00493748
pin_39	2210.500791811047	3635.4934067607546	8.81734	54.25500999999999	java.awt.Color[r=0,g=0,b=255]	Pin 39		0.0042900024	0.072722994	0.23921928	0.020444816	0.040324435	0.054516166	0.08880021	0.066053525	0.18364081	0.46673158	0.36011112	0.1731573	-0.03055707	0.16325735	0.0024398074
pin_40	2161.500388040976	3939.5058533502743	8.795182	54.17300399999999	java.awt.Color[r=0,g=0,b=255]	Pin 40		0.006749144	0.0674633	0.24383189	0.017485416	0.04006931	0.052092515	0.085687734	0.04355184	0.17784956	0.25638655	0.5906708	0.1529426	-0.056603838	0.15997726	0.0030010121
pin_45	2494.5014582938047	4286.505146257238	8.948338	54.079605	java.awt.Color[r=0,g=0,b=255]	Pin 45		0.0041358136	0.08005672	0.23563142	0.02080199	0.041753113	0.057552114	0.09303522	0.08097811	0.19234045	0.5959876	0.23874755	0.16526483	-0.016197087	0.16896719	0.0031882601
pin_46	2365.5000652447807	4393.498524299978	8.889262	54.050715999999944	java.awt.Color[r=0,g=0,b=255]	Pin 46		0.0027745366	0.060540132	0.24305108	0.013480013	0.032696314	0.049413748	0.081146576	0.02679038	0.16325665	0.08509523	0.73598987	0.1789149	-0.073020145	0.15110871	0.0048796018
pin_53	2269.4996923591166	4709.507517064518	8.845588	53.96546000000001	java.awt.Color[r=0,g=0,b=255]	Pin 53		0.0067993198	0.0813726	0.28803474	0.018046683	0.040809162	0.052934416	0.09576502	0.08016173	0.18950859	0.60475683	0.2163669	0.17887627	-0.020960893	0.20395526	0.0044147954
pin_63	2347.5	3594.5000000000623	8.880394357213534	54.26614192729776	java.awt.Color[r=0,g=0,b=255]	Pin 63		0.004542319	0.071751505	0.2733784	0.013709618	0.03532406	0.05102101	0.0894125	0.045949977	0.17575757	0.23956805	0.606862	0.15356997	-0.058385987	0.18281665	0.0062581394
pin_4	1734.4994298959928	1330.5046355374468	8.591993	54.875916000000025	java.awt.Color[r=0,g=0,b=255]	Pin 4		0.0013652965	0.06519833	0.25732654	0.020546867	0.03540059	0.050026037	0.08469276	0.06574738	0.17011939	0.4239465	0.36080724	0.21524625	-0.02545054	0.16507965	0.0041140555
pin_30	1495.4995320725448	1314.5036033173965	8.480199999999998	54.87980300000001	java.awt.Color[r=0,g=0,b=255]	Pin 30		0.002162465	0.052478336	0.26103216	0.017970143	0.03231363	0.044591956	0.07609518	0.038806587	0.15300077	0.19338712	0.56145334	0.24515957	-0.050092146	0.15001537	0.0033547718
pin_31	1436.5005617622305	1309.502735974857	8.452595999999987	54.88103	java.awt.Color[r=0,g=0,b=255]	Pin 31		0.0017178264	0.043166377	0.29816943	0.012995278	0.026088672	0.037856758	0.07002329	0.005793909	0.13396873	-0.069119185	0.79546356	0.2736556	-0.08628343	0.15317398	0.0041256472
pin_32	1523.5016536802889	1291.4992352852908	8.493214999999996	54.88606000000001	java.awt.Color[r=0,g=0,b=255]	Pin 32		0.0024464792	0.040769864	0.25022414	0.0145515185	0.028665395	0.040050797	0.06678326	6.914857E-4	0.13549945	-0.113866635	0.8536648	0.2602018	-0.08878529	0.12729745	0.002516794
pin_62	2351.4999999999923	3590.5	8.882233727738848	54.26722224047183	java.awt.Color[r=0,g=0,b=255]	Pin 62		0.004422467	0.07125881	0.29171214	0.012918746	0.033946402	0.049209647	0.08974416	0.06546675	0.1729002	0.43627736	0.3440091	0.21971355	-0.032613397	0.1930215	0.0066803843
pin_59	2420.5	3523.5	8.913979139460693	54.285313951522	java.awt.Color[r=0,g=0,b=255]	Pin 59		0.0107022	0.1032458	0.41244122	0.012714645	0.03909985	0.046990097	0.11296019	0.08021275	0.19905013	0.56391305	0.33216473	0.10392225	-0.043991726	0.31414333	0.0106823165
pin_60	2375.5	3541.5000000000623	8.893254550786262	54.2804441411584	java.awt.Color[r=0,g=0,b=255]	Pin 60		0.009461036	0.102821745	0.39593256	0.016413903	0.04055404	0.048495308	0.11206725	0.08633566	0.20111659	0.62914956	0.2644287	0.10642174	-0.03456689	0.3027236	0.008932463
pin_52	2445.499486678381	4919.503969269122	8.926171	53.90891300000001	java.awt.Color[r=0,g=0,b=255]	Pin 52		0.008237355	0.13253099	0.5574379	0.011796212	0.03210953	0.038188413	0.13439035	0.06434421	0.2046883	0.40118816	0.61163825	-0.0128264045	-0.09409746	0.45810452	0.018122643
pin_61	2375.500000000004	3536.4999999999377	8.89325106585489	54.281792263061746	java.awt.Color[r=0,g=0,b=255]	Pin 61		0.008665993	0.10843162	0.49912503	0.011770701	0.033283092	0.039846703	0.11926168	0.07352857	0.19239148	0.5080293	0.3921896	0.099781126	-0.061436206	0.37816662	0.014025651
pin_55	1761.4993848594895	4261.512225073204	8.612166	54.08572999999999	java.awt.Color[r=0,g=0,b=255]	Pin 55		0.0083519	0.58142567	0.15308782	0.08328116	0.13492335	0.17789277	0.24220456	0.3085462	0.5550207	2.7336762	-0.6174964	-1.1161798	0.08912094	0.30624664	0.02071094
pin_58	1237.4999999999768	1780.5000000000932	8.361554959924108	54.75360178147752	java.awt.Color[r=0,g=0,b=255]	Pin 58		0.008841034	0.55841756	0.21505782	0.06810145	0.117804736	0.15740654	0.24365877	0.22272342	0.51887006	1.692641	0.5548566	-1.2474977	-0.028123781	0.41072494	0.0035686071
